%IEEE118bus.m

%   Load Flow Analysis of IEEE 118-Bus System
% 1 - Slack Bus..
% 2 - PV Bus..
% 0 - PQ Bus..

%        Bus Bus  Voltage Angle   ---Load---- -------Generator----- Static Mvar  Gshunt
%        No  code Mag.    Degree  MW    Mvar  MW  Mvar Qmin Qmax    +Qc/-Ql
bus.con = [ 1	2	0.955	0	51	27	  0     0	  -5	 15	    0
            2	0	1	    0	20	 9	  0	    0	   0	  0	    0
            3	0	1	    0	39	10	  0	    0	   0	  0	    0
            4	2	0.998	0	39	12	  0 	0   -300	300	    0
            5	0	1	    0	 0	 0	  0	    0      0	  0	  -40
            6	2	0.99	0	52	22	  0	    0    -13	 50	    0
            7	0	1	    0	19	 2	  0	    0	   0	  0	    0
            8	2	1.015	0	28	 0	  0	    0   -300	300	    0
            9	0	1	    0	 0	 0	  0	    0	   0	  0	    0
            10	2	1.05	0	 0	 0	450	    0   -147	200	    0
            11	0	1	    0	70	23	  0	    0	   0	  0	    0
            12	2	0.99	0	47	10	 85	    0    -35	120	    0
            13	0	1	    0	34	16	  0	    0	   0	  0	    0
            14	0	1	    0	14	 1	  0	    0	   0	  0 	0
            15	2	0.97	0	90	30	  0	    0    -10	 30	    0
            16	0	1	    0	25	10	  0	    0	   0	  0	    0
            17	0	1	    0	11	 3	  0	    0	   0	  0	    0
            18	2	0.973	0	60	34	  0	    0    -16	 50	    0
            19	2	0.962	0	45	25	  0	    0     -8	 24	    0
            20	0	1	    0	18	 3	  0	    0	   0	  0	    0
            21	0	1	    0	14	 8	  0	    0	   0	  0	    0
            22	0	1	    0  	10	 5	  0	    0	   0	  0	    0   
            23	0	1	    0	 7	 3	  0	    0	   0	  0	    0
            24	2	0.992	0	13	 0	  0	    0   -300	300	    0
            25	2	1.05	0	 0	 0	220	    0    -47	140	    0   
            26	2	1.015	0	 0	 0	314	    0  -1000   1000	    0
            27	2	0.968	0	71	13	  0 	0	-300	300	    0
            28	0	1	    0	17	 7	  0	    0	   0	  0	    0      
            29	0	1	    0	24	 4	  0	    0	   0	  0	    0
            30	0	1	    0	 0	 0	  0	    0 	   0	  0 	0
            31	2	0.967	0	43	27	  7	    0	-300	300	    0
            32	2	0.963	0	59	23	  0	    0	 -14	 42	    0
            33	0	1	    0	23	 9	  0	    0	   0	  0	    0
            34	2	0.984	0	59	26	  0	    0 	  -8	 24	   14
            35	0	1	    0	33	 9	  0	    0      0	  0	    0
            36	2	0.98	0	31	17	  0	    0	  -8	 24	    0
            37	0	1	    0	 0	 0	  0	    0	   0	  0	  -25
            38	0	1	    0	 0	 0	  0	    0	   0	  0	    0
            39	0	1	    0	27	11	  0	    0	   0	  0	    0
            40	2	0.97	0	66	23	  0	    0	-300	300	    0
            41	0	1	    0	37	10	  0	    0	   0	  0	    0
            42	2	0.985	0	96	23	  0	    0	-300	300	    0
            43	0	1	    0	18	 7	  0	    0	   0	  0	    0
            44	0	1	    0	16	 8	  0	    0	   0	  0	   10  
            45	0	1	    0	53	22	  0	    0	   0	  0	   10
            46	2	1.005	0	28	10	 19	    0	-100	100	   10
            47	0	1	    0	34	 0	  0	    0	   0	  0	    0
            48	0	1	    0	20	11	  0	    0	   0	  0    15
            49	2	1.025	0	87	30	204	    0	 -85	210	    0
            50	0	1	    0	17	 4	  0	    0	   0	  0	    0   
            51	0	1	    0	17	 8	  0	    0	   0	  0	    0
            52	0	1	    0	18	 5	  0	    0	   0	  0	    0
            53	0	1	    0	23	11	  0	    0	   0	  0	    0
            54	2	0.955	0  113	32	 48	    0	-300	300	    0
            55	2	0.952	0	63	22	  0	    0	  -8	 23	    0
            56	2	0.954	0	84	18	  0	    0	  -8	 15	    0   
            57	0	1	    0	12	 3	  0	    0	   0	  0	    0
            58	0	1	    0	12	 3	  0	    0 	   0	  0	    0
            59	2	0.985	0  277 113	155	    0	 -60	180 	0
            60	0	1	    0	78	 3	  0	    0	   0	  0	    0
            61	2	0.995	0	 0	 0	160	    0	-100	300	    0
            62	2	0.998	0	77	14	  0	    0	 -20	 20	    0
            63	0	1	    0	 0	 0	  0	    0	   0	  0	    0         
            64	0	1	    0	 0	 0	  0	    0	   0	  0	    0
            65	2	1.005	0	 0	 0	391	    0	 -67	200	    0
            66	2	1.05	0	39	18	392	    0	 -67	200	    0
            67	0	1	    0	28	 7	  0	    0	   0	  0	    0
            68	0	1	    0	 0	 0	  0	    0	   0	  0	    0
            69	1	1.035	0	 0	 0	516.4	0	-300	300	    0   
            70	2	0.984	0	66	20	  0	    0	 -10	 32	    0
            71	0	1	    0	 0	 0	  0	    0	   0	  0	    0   
            72	2	0.98	0	12	 0	  0	    0	-100	100	    0
            73	2	0.991	0	 6	 0	  0	    0	-100	100	    0
            74	2	0.958	0	68	27	  0	    0	  -6	  9	   12
            75	0	1	    0	47	11	  0	    0	   0	  0	    0
            76	2	0.943	0	68	36	  0	    0	  -8	 23	    0
            77	2	1	    0	61	28	  0	    0 	 -20	 70	    0
            78	0	1	    0	71	26	  0	    0	   0	  0   	0
            79	0	1	    0	39	32	  0	    0	   0	  0	   20
            80	2	1.04	0  130	26	477	    0	-165	280	    0
            81	0	1	    0	 0	 0	  0	    0	   0	  0	    0
            82	0	1	    0	54	27	  0	    0	   0	  0	   20
            83	0	1	    0	20	10	  0	    0	   0 	  0	   10
            84	0	1	    0	11	 7	  0	    0	   0 	  0	    0
            85	2	0.985	0	24	15	  0	    0	  -8	 23	    0
            86	0	1	    0	21	10	  0	    0	   0	  0	    0
            87	2	1.015	0	 0	 0	  4	    0	-100   1000	    0
            88	0	1	    0	48	10	  0	    0	   0	  0	    0   
            89	2	1.005	0	 0	 0	607	    0	-210	300	    0
            90	2	0.985	0  163	42	  0	    0	-300	300	    0
            91	2	0.98	0	10	 0	  0	    0	-100	100	    0
            92	2	0.99	0	65	10	  0	    0	  -3	  9	    0
            93	0	1	    0	12	 7	  0	    0	   0	  0	    0   
            94	0	1	    0	30	16	  0	    0	   0	  0	    0
            95	0	1	    0	42	31	  0	    0	   0	  0	    0
            96	0	1	    0	38	15	  0	    0	   0	  0	    0
            97	0	1	    0	15	 9	  0	    0	   0	  0	    0
            98	0	1	    0	34	 8	  0	    0	   0	  0	    0
            99	2	1.01	0	42	 0	  0	    0	-100	100	    0
            100	2	1.017	0	37	18	252	    0	 -50	155	    0
            101	0	1	    0	22	15	  0	    0	   0	  0	    0
            102	0	1	    0	 5	 3	  0	    0	   0	  0	    0
            103	2	1.01	0	23	16	 40	    0	 -15	 40	    0
            104	2	0.971	0	38	25	  0	    0	  -8	 23	    0
            105	2	0.965	0	31	26	  0	    0	  -8	 23	   20
            106	0	1	    0	43	16	  0	    0	   0	  0	    0
            107	2	0.952	0	50	12	  0	    0	-200	200	    6
            108	0	1	    0	 2	 1	  0	    0	   0	  0	    0
            109	0	1	    0	 8	 3	  0	    0	   0	  0	    0
            110	2	0.973	0	39	30	  0	    0	  -8	 23	    6
            111	2	0.98	0	 0	 0	 36	    0	-100   1000	    0
            112	2	0.975	0	68	13	  0	    0	-100   1000	    0
            113	2	0.993	0	 6	 0	  0	    0	-100	200	    0
            114	0	1	    0	 8	 3	  0	    0	   0	  0	    0
            115	0	1	    0	22	 7	  0	    0	   0	  0	    0
            116	2	1.005	0  184	 0	  0	    0  -1000   1000	    0
            117	0	1	    0	20	 8	  0	    0	   0	  0	    0
            118	0	1	    0	33	15	  0	    0	   0	  0	    0
          ];
                                
%                                 Line code

%         Bus bus   R      X     1/2 B   = 1 for lines
%         nl  nr  p.u.   p.u.   p.u.     > 1 or < 1 tr. tap at bus nl
